Time_(s)	Voltage_(V)	Reference_Voltage_(V)	Suns	Effective_Suns	Corrected_Voltage_(V)	Jeq_(A/cm2)	Pseudo_Power_Density_(W/cm2)	MCD_(cm-3)	Effective_Lifetime_(s)	
0.000557	0.768528	0.598727	5.408552	5.614782	0.761032	-0.184591	-0.140480	20897145338512264.000000	0.000194
0.000657	0.768121	0.589621	5.326299	5.573917	0.760625	-0.182957	-0.139161	20714647716594524.000000	0.000194
0.000757	0.767284	0.577388	5.215789	5.479388	0.759788	-0.179176	-0.136135	20344148375328620.000000	0.000193
0.000857	0.766213	0.561848	5.075410	5.341825	0.758716	-0.173673	-0.131769	19878716091203896.000000	0.000194
0.000957	0.765084	0.542785	4.903210	5.170333	0.757587	-0.166813	-0.126376	19398766447364716.000000	0.000195
0.001057	0.763896	0.520133	4.698582	4.963399	0.756400	-0.158536	-0.119917	18905300779217312.000000	0.000198
0.001157	0.762680	0.494550	4.467480	4.727615	0.755183	-0.149105	-0.112601	18411508642991412.000000	0.000203
0.001257	0.761468	0.468195	4.229408	4.483892	0.753971	-0.139356	-0.105070	17931345368985292.000000	0.000208
0.001357	0.760201	0.443095	4.002664	4.250479	0.752705	-0.130019	-0.097866	17441647141800868.000000	0.000214
0.001456	0.758949	0.419485	3.789382	4.031081	0.751453	-0.121243	-0.091109	16969510824272656.000000	0.000219
0.001556	0.757713	0.397118	3.587338	3.823151	0.750216	-0.112926	-0.084719	16514600599855148.000000	0.000225
0.001656	0.756474	0.376073	3.397231	3.627940	0.748977	-0.105118	-0.078731	16069648986475572.000000	0.000231
0.001757	0.755209	0.356279	3.218423	3.442816	0.747712	-0.097713	-0.073061	15626703886674708.000000	0.000236
0.001856	0.753973	0.337579	3.049497	3.268306	0.746476	-0.090732	-0.067729	15204283148608888.000000	0.000242
0.001956	0.752737	0.320023	2.890900	3.105933	0.745241	-0.084237	-0.062777	14792422412623292.000000	0.000248
0.002056	0.751467	0.303405	2.740790	2.951122	0.743970	-0.078045	-0.058063	14379252474489280.000000	0.000254
0.002156	0.750237	0.287678	2.598716	2.804667	0.742741	-0.072187	-0.053616	13989236891753352.000000	0.000260
0.002256	0.749001	0.272843	2.464706	2.666279	0.741504	-0.066651	-0.049422	13606560069742832.000000	0.000266
0.002356	0.747704	0.258843	2.338238	2.533453	0.740208	-0.061338	-0.045403	13215145860872788.000000	0.000272
0.002456	0.746446	0.245566	2.218298	2.409169	0.738950	-0.056367	-0.041652	12845073244531308.000000	0.000278
0.002556	0.745206	0.233076	2.105477	2.291393	0.737710	-0.051656	-0.038107	12489163285679396.000000	0.000284
0.002656	0.743923	0.221266	1.998788	2.179808	0.736426	-0.047192	-0.034754	12130097237173728.000000	0.000290
0.002756	0.742678	0.210161	1.898476	2.075932	0.735181	-0.043037	-0.031640	11790397895046584.000000	0.000296
0.002856	0.741407	0.199623	1.803281	1.976858	0.733911	-0.039074	-0.028677	11452404179432452.000000	0.000302
0.002956	0.740169	0.189669	1.713362	1.882342	0.732672	-0.035294	-0.025859	11131178268246468.000000	0.000308
0.003056	0.738889	0.180236	1.628144	1.792482	0.731392	-0.031699	-0.023185	10807363824414416.000000	0.000314
0.003156	0.737615	0.171305	1.547469	1.707724	0.730119	-0.028309	-0.020669	10493456535433820.000000	0.000320
0.003256	0.736341	0.162894	1.471488	1.628473	0.728844	-0.025139	-0.018322	10187280014665648.000000	0.000326
0.003355	0.735113	0.154896	1.399238	1.552726	0.727617	-0.022109	-0.016087	9899728503637048.000000	0.000332
0.003455	0.733823	0.147337	1.330958	1.480160	0.726327	-0.019206	-0.013950	9605139997640900.000000	0.000338
0.003555	0.732556	0.140209	1.266569	1.411805	0.725059	-0.016472	-0.011943	9323092883662840.000000	0.000344
0.003655	0.731268	0.133416	1.205205	1.346913	0.723771	-0.013877	-0.010043	9043830240641620.000000	0.000350
0.003755	0.730024	0.126988	1.147141	1.285996	0.722528	-0.011440	-0.008266	8781165914188629.000000	0.000356
0.003855	0.728737	0.120909	1.092225	1.227105	0.721241	-0.009084	-0.006552	8516148269338525.000000	0.000361
0.003955	0.727476	0.115119	1.039922	1.171256	0.719979	-0.006850	-0.004932	8263043773744197.000000	0.000367
0.004055	0.726187	0.109629	0.990326	1.117926	0.718690	-0.004717	-0.003390	8011128243998469.000000	0.000373
0.004155	0.724911	0.104466	0.943686	1.068473	0.717415	-0.002739	-0.001965	7768367590472039.000000	0.000379
0.004255	0.723648	0.099536	0.899154	1.021527	0.716152	-0.000861	-0.000617	7534227050092727.000000	0.000384
0.004355	0.722380	0.094823	0.856580	0.976392	0.714883	0.000944	0.000675	7305071033296479.000000	0.000390
0.004455	0.721103	0.090394	0.816565	0.933847	0.713606	0.002646	0.001888	7080332900689097.000000	0.000395
0.004555	0.719811	0.086186	0.778552	0.892758	0.712314	0.004290	0.003056	6859004505330011.000000	0.000400
0.004655	0.718517	0.082175	0.742321	0.853674	0.711020	0.005853	0.004162	6643234558530729.000000	0.000405
0.004755	0.717224	0.078371	0.707961	0.816257	0.709727	0.007350	0.005216	6433379528844533.000000	0.000410
0.004855	0.715912	0.074747	0.675224	0.779860	0.708416	0.008806	0.006238	6226248486860376.000000	0.000416
0.004954	0.714627	0.071330	0.644356	0.746399	0.707130	0.010144	0.007173	6028753094280395.000000	0.000421
0.005054	0.713319	0.068058	0.614795	0.714143	0.705823	0.011434	0.008071	5833233651344854.000000	0.000425
0.005155	0.712029	0.064931	0.586548	0.683374	0.704533	0.012665	0.008923	5645581673239327.000000	0.000430
0.005254	0.710766	0.061982	0.559906	0.654435	0.703269	0.013823	0.009721	5466693007647236.000000	0.000435
0.005354	0.709444	0.059135	0.534191	0.625873	0.701948	0.014965	0.010505	5284742037854597.000000	0.000440
0.005454	0.708146	0.056458	0.510011	0.599446	0.700650	0.016022	0.011226	5110970365656810.000000	0.000444
0.005554	0.706861	0.053885	0.486766	0.574136	0.699365	0.017035	0.011913	4943620995534412.000000	0.000448
0.005654	0.705561	0.051454	0.464808	0.550106	0.698064	0.017996	0.012562	4778911096413995.000000	0.000452
0.005754	0.704257	0.049116	0.443689	0.526702	0.696760	0.018932	0.013191	4618438736418528.000000	0.000457
0.005854	0.702948	0.046902	0.423682	0.504669	0.695452	0.019813	0.013779	4461896613539718.000000	0.000460
0.005954	0.701640	0.044801	0.404706	0.483301	0.694143	0.020668	0.014347	4309788010673459.000000	0.000464
0.006054	0.700313	0.042769	0.386348	0.462695	0.692816	0.021492	0.014890	4159944481646704.000000	0.000468
0.006154	0.699010	0.040852	0.369031	0.443862	0.691513	0.022246	0.015383	4017086696265534.000000	0.000471
0.006254	0.697671	0.039035	0.352623	0.425421	0.690174	0.022983	0.015862	3874529374712366.000000	0.000474
0.006354	0.696376	0.037261	0.336594	0.407712	0.688879	0.023692	0.016321	3740665562298125.000000	0.000478
0.006454	0.695044	0.035598	0.321570	0.390516	0.687547	0.024379	0.016762	3606987029202184.000000	0.000481
0.006554	0.693679	0.034000	0.307138	0.373755	0.686182	0.025050	0.017189	3474107881737321.000000	0.000484
0.006653	0.692360	0.032487	0.293473	0.358537	0.684864	0.025659	0.017573	3349665689814172.000000	0.000486
0.006753	0.691019	0.031093	0.280876	0.344193	0.683522	0.026232	0.017930	3226826446064536.000000	0.000488
0.006854	0.689681	0.029700	0.268296	0.329850	0.682184	0.026806	0.018287	3108085520505742.000000	0.000491
0.006953	0.688346	0.028383	0.256396	0.316388	0.680849	0.027344	0.018617	2993238313114752.000000	0.000493
0.007053	0.686979	0.027109	0.244883	0.303043	0.679483	0.027878	0.018943	2879370007077391.000000	0.000495
0.007153	0.685628	0.025909	0.234050	0.290589	0.678131	0.028376	0.019243	2770284185106200.000000	0.000496
0.007253	0.684279	0.024775	0.223799	0.278725	0.676783	0.028851	0.019526	2664879370181447.000000	0.000498
0.007353	0.682899	0.023677	0.213884	0.267134	0.675403	0.029315	0.019799	2560505834126326.000000	0.000499
0.007453	0.681538	0.022608	0.204224	0.256050	0.674042	0.029758	0.020058	2460893422328483.000000	0.000500
0.007553	0.680167	0.021600	0.195120	0.245512	0.672670	0.030180	0.020301	2363853074205447.000000	0.000501
0.007653	0.678790	0.020632	0.186378	0.235191	0.671294	0.030592	0.020536	2269634254182779.000000	0.000502
0.007753	0.677402	0.019725	0.178182	0.225452	0.669906	0.030982	0.020755	2177878250646848.000000	0.000503
0.007853	0.676010	0.018838	0.170172	0.215980	0.668513	0.031361	0.020965	2088943797554219.000000	0.000504
0.007953	0.674608	0.017989	0.162506	0.207054	0.667112	0.031718	0.021159	2002545209530067.500000	0.000504
0.008053	0.673225	0.017234	0.155678	0.198993	0.665728	0.032040	0.021330	1920199343433626.000000	0.000502
0.008153	0.671814	0.016419	0.148321	0.190330	0.664318	0.032387	0.021515	1839239209704023.000000	0.000503
0.008253	0.670401	0.015687	0.141705	0.182289	0.662905	0.032708	0.021683	1761022813154281.500000	0.000503
0.008353	0.668960	0.014984	0.135353	0.174643	0.661463	0.033014	0.021838	1684159857022153.500000	0.000502
0.008452	0.667540	0.014322	0.129381	0.167350	0.660044	0.033306	0.021983	1611247088193720.500000	0.000501
0.008552	0.666094	0.013686	0.123629	0.160323	0.658597	0.033587	0.022120	1539761211581914.500000	0.000500
0.008653	0.664667	0.013047	0.117860	0.153294	0.657170	0.033868	0.022257	1471912488740717.500000	0.000500
0.008752	0.663191	0.012465	0.112602	0.146754	0.655695	0.034130	0.022379	1404451993621520.000000	0.000498
0.008852	0.661760	0.011929	0.107759	0.140705	0.654263	0.034372	0.022488	1341557272866349.500000	0.000496
0.008952	0.660283	0.011416	0.103127	0.134737	0.652787	0.034611	0.022593	1279247630784539.500000	0.000494
0.009052	0.658829	0.010888	0.098355	0.128938	0.651333	0.034842	0.022694	1220348080048338.000000	0.000493
0.009152	0.657340	0.010397	0.093917	0.123430	0.649843	0.035063	0.022785	1162478487339593.000000	0.000490
0.009252	0.655891	0.009911	0.089533	0.118143	0.648394	0.035274	0.022872	1108474128589798.000000	0.000489
0.009352	0.654414	0.009463	0.085484	0.113095	0.646918	0.035476	0.022950	1055718823489807.000000	0.000486
0.009452	0.652897	0.009036	0.081629	0.108137	0.645401	0.035675	0.023024	1003838486266808.500000	0.000483
0.009552	0.651392	0.008620	0.077871	0.103359	0.643895	0.035866	0.023094	954559796833048.500000	0.000481
0.009652	0.649879	0.008232	0.074360	0.098911	0.642382	0.036044	0.023154	907222003456792.000000	0.000478
0.009752	0.648345	0.007848	0.070893	0.094422	0.640848	0.036223	0.023214	861350429424418.000000	0.000475
0.009852	0.646815	0.007477	0.067541	0.090179	0.639319	0.036393	0.023267	817691765012284.000000	0.000472
0.009952	0.645280	0.007153	0.064612	0.086442	0.637784	0.036542	0.023306	775865780624545.000000	0.000467
0.010052	0.643710	0.006793	0.061365	0.082357	0.636213	0.036706	0.023353	735077842773703.000000	0.000465
0.010152	0.642170	0.006473	0.058472	0.078613	0.634673	0.036855	0.023391	696962350492628.500000	0.000462
0.010252	0.640581	0.006189	0.055905	0.075127	0.633085	0.036995	0.023421	659519587168732.500000	0.000457
0.010351	0.638972	0.005898	0.053276	0.071621	0.631475	0.037135	0.023450	623463504750260.000000	0.000453
0.010451	0.637363	0.005602	0.050603	0.068133	0.629867	0.037275	0.023478	589232199695134.500000	0.000450
0.010551	0.635778	0.005364	0.048459	0.065286	0.628282	0.037389	0.023491	557189248778652.000000	0.000444
0.010651	0.634150	0.005090	0.045980	0.062051	0.626654	0.037518	0.023511	525949253722777.500000	0.000441
0.010751	0.632514	0.004827	0.043607	0.058922	0.625017	0.037643	0.023528	496174140774650.000000	0.000438
0.010851	0.630882	0.004610	0.041640	0.056267	0.623385	0.037749	0.023532	468045865926053.500000	0.000433
0.010951	0.629217	0.004390	0.039655	0.053595	0.621720	0.037856	0.023536	440875763173606.000000	0.000428
0.011051	0.627545	0.004197	0.037917	0.051175	0.620048	0.037953	0.023533	415077230185210.500000	0.000422
0.011151	0.625884	0.003979	0.035941	0.048554	0.618387	0.038058	0.023534	390846511221720.500000	0.000419
0.011251	0.624181	0.003763	0.033992	0.045935	0.616684	0.038163	0.023534	367383944806537.000000	0.000416
0.011351	0.622469	0.003583	0.032368	0.043719	0.614972	0.038251	0.023523	345139367681095.500000	0.000411
0.011451	0.620770	0.003410	0.030807	0.041592	0.613273	0.038336	0.023511	324320346787895.000000	0.000406
0.011551	0.619052	0.003248	0.029343	0.039557	0.611555	0.038418	0.023495	304485095339875.500000	0.000401
0.011651	0.617322	0.003072	0.027755	0.037406	0.609826	0.038504	0.023481	285680657390687.000000	0.000398
0.011751	0.615558	0.002924	0.026414	0.035493	0.608061	0.038580	0.023459	267635683573028.500000	0.000393
0.011850	0.613817	0.002789	0.025196	0.033783	0.606321	0.038649	0.023433	250908581502968.500000	0.000387
0.011950	0.612056	0.002628	0.023741	0.031848	0.604559	0.038726	0.023412	234995972325221.500000	0.000384
0.012051	0.610291	0.002492	0.022515	0.030163	0.602794	0.038793	0.023384	220029429015241.000000	0.000380
0.012150	0.608528	0.002398	0.021659	0.028864	0.601032	0.038845	0.023347	205996342693562.500000	0.000372
0.012250	0.606736	0.002270	0.020503	0.027278	0.599240	0.038909	0.023316	192615575129947.500000	0.000368
0.012350	0.604943	0.002156	0.019480	0.025830	0.597447	0.038967	0.023281	180069192360937.000000	0.000363
0.012450	0.603149	0.002077	0.018765	0.024454	0.595653	0.039022	0.023243	168308918359827.500000	0.000358
0.012550	0.601357	0.001966	0.017760	0.023828	0.593861	0.039047	0.023188	157306267704099.000000	0.000344
0.012650	0.599534	0.001870	0.016895	0.022848	0.592038	0.039086	0.023140	146829757843083.000000	0.000335
0.012750	0.597752	0.001772	0.016004	0.022246	0.590255	0.039110	0.023085	137246534592797.500000	0.000321
0.012850	0.596344	0.001678	0.015157	0.000000	0.588847	0.000000	0.000000	130108160486343.500000	0.000000
0.012950	0.593147	0.000752	0.006794	0.000000	0.585651	0.000000	0.000000	115224233499535.500000	0.000000
